launch_catch:
  ros__parameters:
    field_color: "red"
    vel_max: 1.0
    arm_offset: 0.05 # 把持同士の間隔
    cmn_offset: -0.280 # 共通エリアと共通待機の間隔
    sht_offset: 0.173 # ボーナスエリアとノーマルエリアの間隔
    hand_offset: 0.0463 # 回転中心と把持中心の距離
    finger_offset: 0.015 # 指の長さ
    stepper_state: [0.065,0.008,0.110,0.040,0.110,0.0750,0.02,0.0670,0.0180]
    # OwnGiri, OwnCatch, CmnGiri, CmnCatch, CmnAbove, ShtGiri, Shoot, ShtAbove, ShtTsuke

    red_side:
      start_pos: [0.205275, -0.7946]
      way_point: [0.0, 0.6]
      own_pos_x: [0.205275, 0.105275, 0.405275, 0.305275, 0.205275, 0.605275, 0.505275, 0.405275, 0.805275, 0.705275, 0.605275, 1.005275, 0.905275, 0.805275, 1.105275, 1.005275]
      own_pos_y: [0.295, 0.395, 0.495, 0.395, 0.295, 0.495, 0.395, 0.295, 0.495, 0.395, 0.295, 0.495, 0.395, 0.295, 0.495, 0.395]   
      cmn_pos_x: [0.043725,0.183725,0.323725,0.463725,0.603725,0.743725,0.883725,1.023725,1.163725]
      cmn_pos_y: [0.84,0.84,0.84,0.84,0.84,0.84,0.84,0.84,0.84]
      str_pos_x: [0.14,0.24,0.34,0.540,0.6443,0.74,0.94,1.04,1.14]
      str_pos_y: [0.5955, 0.5955, 0.5955, 0.5955, 0.5955, 0.5955, 0.5955, 0.5955, 0.5955]
      sht_pos_x: [0.005,0.005,0.005,0.005,0.005,0.005,0.005,0.005]
      sht_pos_y: [-0.085,-0.06,-0.525,-0.5,-0.305,-0.28,-0.5,-0.28,-0.06]
      own_field: [0.0,0.0,0.0,0.0]
      cmn_field: [0.0,0.0,0.0,0.0]
      sht_field: [0.0,0.0,0.0,0.0]

    blue_side:      
      start_pos: [0.105275, 0.7946]
      way_point: [0.0, -0.6]
      own_pos_x: [0.205275, 0.205275, 0.105275, 0.405275, 0.305275, 0.605275, 0.505275, 0.405275, 0.805275, 0.705275, 0.605275, 1.005275, 0.905275, 0.805275, 1.105275, 1.005275]
      own_pos_y: [-0.295, -0.495, -0.395, -0.495, -0.395, -0.495, -0.395, -0.295, -0.495, -0.395, -0.295, -0.495, -0.395, -0.295, -0.395, -0.295]   
      cmn_pos_x: [0.043725,0.183725,0.323725,0.463725,0.603725,0.743725,0.883725,1.023725,1.163725]
      cmn_pos_y: [-0.8455,-0.8455,-0.8455,-0.8455,-0.8455,-0.8455,-0.8455,-0.8455,-0.8455]
      str_pos_x: [0.1374,0.2527,0.3544,0.550,0.6043,0.6585,0.90528,0.9595,1.0138]
      str_pos_y: [-0.6655, -0.6655, -0.6655, -0.6655, -0.6655, -0.6655, -0.6655, -0.6655, -0.6655]
      sht_pos_x: [0.0,0.0,0.0,0.0,0.0,0.0,0.0,0.0,0.0]
      sht_pos_y: [0.28,0.525,0.5,0.305,0.28,0.085,0.06,0.5,0.28,0.06]
      own_field: [0.0,0.0,0.0,0.0]
      cmn_field: [0.0,0.0,0.0,0.0]
      sht_field: [0.0,0.0,0.0,0.0]