launch_catch:
  ros__parameters:
    field_color: "red"
    vel_max: 1.0
    arm_offset: 0.05 # 把持同士の間隔
    cmn_offset: -0.150 # 共通エリアと共通待機の間隔
    sht_offset: 0.173 # ボーナスエリアとノーマルエリアの間隔
    hand_offset: 0.0463 # 回転中心と把持中心の距離
    finger_offset: 0.01 # 指の長さ
    stepper_state: [0.0494,0.010,0.052177,0.0411,0.060,0.0720,0.0209,0.0570,0.03]
    red_side:
      start_pos: [0.118275, -0.7946]
      way_point: [0.0, 0.0]
      own_pos_x: [0.118275,0.218275,0.318275,0.218275,0.418275,0.518275,0.418275,0.618275,0.718275,0.618275,0.818275,0.918275,0.818275,1.018275,1.118275,1.018275] #1.5cmくらい足す 
      own_pos_y: [0.395,0.295,0.395,0.495,0.295,0.395,0.495,0.295,0.395,0.495,0.295,0.395,0.495,0.295,0.395,0.495]
      cmn_pos_x: [0.043725,0.183725,0.323725,0.463725,0.603725,0.743725,0.883725,1.023725,1.163725]
      cmn_pos_y: [0.8455,0.8455,0.8455,0.8455,0.8455,0.8455,0.8455,0.8455,0.8455]
      sht_pos_x: [0.0,0.0,0.0,0.0,0.0,0.0,0.0,0.0,0.0,0.0]
      sht_pos_y: [0.0,-0.525,-0.475,-0.305,-0.255,-0.085,-0.035,0.0,0.0,0.0]
      own_field: [0.0,0.0,0.0,0.0]
      cmn_field: [0.0,0.0,0.0,0.0]
      sht_field: [0.0,0.0,0.0,0.0]

    blue_side:
      start_pos: [0.0, 0.0]
      way_point: [0.0, 0.0]
      own_pos_x: [0.118275,0.218275,0.318275,0.218275,0.418275,0.518275,0.418275,0.618275,0.718275,0.618275,0.818275,0.918275,0.818275,1.018275,1.118275,1.018275] #1.5cmくらい足す 
      own_pos_y: [-0.395,-0.295,-0.395,-0.495,-0.295,-0.395,-0.495,-0.295,-0.395,-0.495,-0.295,-0.395,-0.495,-0.295,-0.395,-0.495]
      cmn_pos_x: [0.043725,0.183725,0.323725,0.463725,0.603725,0.743725,0.883725,1.023725,1.163725]
      cmn_pos_y: [-0.8455,-0.8455,-0.8455,-0.8455,-0.8455,-0.8455,-0.8455,-0.8455,-0.8455]
      sht_pos_x: [0.0,0.0,0.0,0.0,0.0,0.0,0.0,0.0,0.0,0.0]
      sht_pos_y: [0.0,0.525,0.475,0.305,0.255,0.085,0.035,0.0,0.0,0.0]
      own_field: [0.0,0.0,0.0,0.0]
      cmn_field: [0.0,0.0,0.0,0.0]
      sht_field: [0.0,0.0,0.0,0.0]  