launch_catch:
  ros__parameters:
    field_color: "red"
    vel_max: 1.0
    arm_offset: 0.05 # 把持同士の間隔
    cmn_offset: -0.150 # 共通エリアと共通待機の間隔
    sht_offset: 0.110 # ボーナスエリアとノーマルエリアの間隔
    hand_offset: 0.0463 # 回転中心と把持中心の距離
    stepper_state: [0.07686,0.0167,0.052177,0.0667,0.0110,0.0217,0.03,0.04,0.03]
    red_side:
      start_pos: [0.0, -0.5]
      way_point: [0.0, 0.0]
      own_pos_x: [0.103275,0.203275,0.203275,0.303275,0.403275,0.403275,0.503275,0.603275,0.603275,0.703275,0.803275,0.803275,0.903275,1.003275,1.003275,1.103275]
      own_pos_y: [0.395,0.405,0.385,0.395,0.405,0.385,0.395,0.405,0.385,0.395,0.405,0.385,0.395,0.405,0.385,0.395]
      cmn_pos_x: [0.043725,0.183725,0.323725,0.463725,0.603725,0.743725,0.883725,1.023725,1.163725]
      cmn_pos_y: [0.8455,0.8455,0.8455,0.8455,0.8455,0.8455,0.8455,0.8455,0.8455]
      sht_pos_x: [0.0,0.0,0.0,0.0,0.0,0.0,0.0,0.0,0.0]
      sht_pos_y: [-0.525,-0.475,-0.305,-0.255,-0.085,-0.035,0.0,0.0,0.0]
      own_field: [0.0,0.0,0.0,0.0]
      cmn_field: [0.0,0.0,0.0,0.0]
      sht_field: [0.0,0.0,0.0,0.0]

    blue_side:
      start_pos: [0.0, 0.0]
      way_point: [0.0, 0.0]
      own_pos_x: [0.103275,0.203275,0.203275,0.303275,0.403275,0.403275,0.503275,0.603275,0.603275,0.703275,0.803275,0.803275,0.903275,1.003275,1.003275,1.103275]
      own_pos_y: [-0.395,-0.405,-0.385,-0.395,-0.405,-0.385,-0.395,-0.405,-0.385,-0.395,-0.405,-0.385,-0.395,-0.405,-0.385,-0.395]
      cmn_pos_x: [0.043725,0.183725,0.323725,0.463725,0.603725,0.743725,0.883725,1.023725,1.163725]
      cmn_pos_y: [-0.8455,-0.8455,-0.8455,-0.8455,-0.8455,-0.8455,-0.8455,-0.8455,-0.8455]
      sht_pos_x: [0.0,0.0,0.0,0.0,0.0,0.0,0.0,0.0,0.0]
      sht_pos_y: [0.525,0.475,0.305,0.255,0.085,0.035,0.0,0.0,0.0]
      own_field: [0.0,0.0,0.0,0.0]
      cmn_field: [0.0,0.0,0.0,0.0]
      sht_field: [0.0,0.0,0.0,0.0]  